{
  "action": 
  {"mean": [0.00021758637740276754, 0.00012508401414379478, -0.00017108408792410046, -0.00016171038441825658, -0.00025248268502764404, 0.0002515790401957929, 0.5879484415054321], 
  "std": [0.009632372297346592, 0.01350060012191534, 0.012510573491454124, 0.028145233169198036, 0.030282489955425262, 0.07585590332746506, 0.48771974444389343], 
  "max": [0.41691166162490845, 0.25864794850349426, 0.21218234300613403, 3.122201919555664, 1.8618112802505493, 6.280478477478027, 1.0], 
  "min": [-0.4007510244846344, -0.13874775171279907, -0.22553899884223938, -3.2010786533355713, -1.8618112802505493, -6.279075622558594, 0.0], 
  "p99": [0.028122276067733765, 0.040630316659808145, 0.03994889184832546, 0.08121915772557152, 0.07724379181861864, 0.20214049845933896, 1.0], 
  "p01": [-0.028539552688598632, -0.041432044506073, -0.025977383628487588, -0.08020886614918708, -0.09213060349225997, -0.2054861941933632, 0.0]}, 
  "num_transitions": 2195527, "num_trajectories": 60064
}