{"action": 
{"mean": [0.01820322498679161, 0.05858372151851654, -0.055923812091350555, 0.004626936744898558, 0.0028960888739675283, -0.007673118729144335, 0.5457824468612671], 
"std": [0.28254517912864685, 0.3590478301048279, 0.36737969517707825, 0.03770731762051582, 0.05429712310433388, 0.08725257217884064, 0.49815091490745544], 
"max": [0.9375, 0.9375, 0.9375, 0.30000001192092896, 0.29357144236564636, 0.375, 1.0], 
"min": [-0.9375, -0.9375, -0.9375, -0.23642857372760773, -0.3053571283817291, -0.3675000071525574, 0.0], 
"p99": [0.7714285850524902, 0.8464285731315613, 0.9375, 0.13928571343421936, 0.15964286029338837, 0.3246428668498993, 1.0], 
"p01": [-0.6348214149475098, -0.7741071581840515, -0.7633928656578064, -0.09749999642372131, -0.14819999992847435, -0.2742857038974762, 0.0]}, 
"num_transitions": 101469, "num_trajectories": 379}