{
  "action": 
  {"mean": [0.0472104549407959, 0.02883530780673027, -0.1485840529203415, -0.002501007169485092, 0.02640814706683159, 0.027379827573895454, 0.6299911737442017], 
  "std": [0.3968816101551056, 0.34733903408050537, 0.4923981726169586, 0.05533149838447571, 0.07844763249158859, 0.10008721053600311, 0.4826984703540802], 
  "max": [0.9375, 0.9375, 0.9375, 0.3557142913341522, 0.375, 0.375, 1.0], 
  "min": [-0.9375, -0.9375, -0.9375, -0.2582142949104309, -0.375, -0.2871428430080414, 0.0], 
  "p99": [0.9375, 0.9107142686843872, 0.9375, 0.20357142388820648, 0.26357144117355347, 0.375, 1.0], 
  "p01": [-0.8785714507102966, -0.7553571462631226, -0.9375, -0.1510714292526245, -0.1639285683631897, -0.13777500048279764, 0.0]}, 
  "num_transitions": 52042, "num_trajectories": 428, 
  "proprio": 
  {
    "mean": [-0.09923470765352249, 0.013597900047898293, 1.0694595575332642, 2.8289794921875, 0.30799198150634766, -0.2742869257926941, 0.028092429041862488, -0.027339311316609383], 
    "std": [0.11653967946767807, 0.11478111147880554, 0.10487820953130722, 0.5570293068885803, 0.7221655249595642, 0.36479538679122925, 0.015074758790433407, 0.014990939758718014], 
    "max": [0.13579000532627106, 0.33316105604171753, 1.3660105466842651, 3.473310708999634, 2.6688623428344727, 0.8255361318588257, 0.04233968257904053, 0.0010111660230904818],
    "min": [-0.46141114830970764, -0.30129560828208923, 0.9083037972450256, 0.35277295112609863, -1.4858465194702148, -1.5227035284042358, -0.0013586411951109767, -0.042040832340717316], 
    "p99": [0.08990443304181095, 0.26473945528268716, 1.2910678112506866, 3.2425890421867365, 2.3376442337036116, 0.4659483411908149, 0.040610933862626555, -0.0015016929572448147], 
    "p01": [-0.42401049643754957, -0.27338370531797407, 0.911226047873497, 1.3085840785503386, -0.691297555565834, -1.130668159723282, 0.0016738151130266487, -0.040336399003863335]}}